100 1742 -1.07967e+06
120 3132 -624600
140 5338 -250686
160 8325 48588.8
180 11986 279748
200 16610 449312
220 22318 563803
240 29512 629744
260 36968 653655
280 46824 642059
300 58234 601477
320 69487 538431
340 93226 459444
360 106483 371036
380 314628 279729
400 157986 192046
420 197412 114508
440 234687 53636.5
460 591714 15953.8
480 375838 7981.58
500 577286 36241.6
520 716629 107256
540 722203 227545
560 1.00584e+06 403633
580 969205 642039
600 1.49604e+06 949287
620 2.00323e+06 1.3319e+06
640 2.15554e+06 1.79639e+06
660 2.63661e+06 2.3493e+06
680 3.00462e+06 2.99713e+06
700 3.30648e+06 3.74641e+06
720 4.72211e+06 4.60366e+06
740 5.53098e+06 5.5754e+06
760 6.55268e+06 6.66816e+06
780 7.00906e+06 7.88846e+06
800 8.59944e+06 9.24282e+06
820 1.02338e+07 1.07378e+07
840 1.13819e+07 1.23798e+07
860 1.38221e+07 1.41755e+07
880 1.57085e+07 1.61313e+07
900 1.8069e+07 1.82538e+07
920 2.03606e+07 2.05494e+07
940 2.30693e+07 2.30248e+07
960 2.58958e+07 2.56864e+07
980 2.91231e+07 2.85408e+07
1000 3.25311e+07 3.15944e+07
