1e+06 137079 142301
1.1e+06 151939 155835
1.2e+06 169037 169452
1.3e+06 180940 183145
1.4e+06 198622 196908
1.5e+06 212579 210737
1.6e+06 224607 224626
1.7e+06 239808 238572
1.8e+06 252603 252571
1.9e+06 267818 266621
2e+06 282604 280720
2.1e+06 297784 294863
2.2e+06 308474 309050
2.3e+06 324854 323279
2.4e+06 336518 337547
2.5e+06 350618 351853
2.6e+06 367668 366195
2.7e+06 380267 380573
2.8e+06 394195 394984
2.9e+06 410523 409428
3e+06 428071 423903
3.1e+06 440545 438408
3.2e+06 451820 452943
3.3e+06 469717 467506
3.4e+06 480610 482097
3.5e+06 497851 496715
3.6e+06 512333 511359
3.7e+06 527882 526028
3.8e+06 541396 540721
3.9e+06 553039 555439
4e+06 570139 570180
4.1e+06 582602 584944
4.2e+06 597242 599730
4.3e+06 613844 614537
4.4e+06 629824 629366
4.5e+06 644051 644215
4.6e+06 657115 659085
4.7e+06 674119 673975
4.8e+06 689723 688884
4.9e+06 704435 703811
5e+06 716968 718758
