vote_mod.arff			94.04301075268818	96.37634408602152	69.40860215053763
soybean_mod.arff		80.21739130434784	64.83348751156336	81.73913043478262
segment-challenge.arff	94.95238095238093	88.0952380952381	71.90476190476193
wine.arff				90.32051282051282	92.82051282051282	74.55128205128206
ionosphere.arff			82.9				79.18333333333332	64.83333333333333
iris.arff				93.0				95.0				95.0
diabetes.arff			67.98392732354996	65.0314465408805	53.77358490566037
glass.arff				61.142857142857146	43.142857142857146	42.95238095238095
labor_mod.arff			79.16666666666666	95.0				79.16666666666666
segment-test_mod.arff	91.9047619047619	86.9642857142857	73.32080200501254
