
vote_mod.arff			93.73118279569891	96.3978494623656	93.0752688172043
soybean_mod.arff		77.22074468085107	78.50177304964538	76.63563829787235
segment-challenge.arff	94.66666666666666	96.76190476190474	79.9047619047619
wine.arff				91.08974358974359	97.56410256410257	96.85897435897435
ionosphere.arff			82.46666666666667	78.85				85.3
iris.arff				93.0				95.0				95.0
diabetes.arff			67.4283717679944	75.81761006289308	75.4367575122292
glass.arff				61.142857142857146	58.47619047619047	42.90476190476191
labor_mod.arff			86.66666666666666	100.0				86.66666666666666
segment-test_mod.arff	92.78195488721805	94.88408521303256	81.8295739348371
