vote_mod.arff			96.06451612903227	96.72043010752688	93.3978494623656
soybean_mod.arff		82.17391304347828	80.0				82.3913043478261
segment-challenge.arff	96.38095238095237	96.66666666666666	80.0952380952381
wine.arff				90.32051282051283	95.12820512820512	95.25641025641026
ionosphere.arff			86.14999999999999	81.26666666666667	86.93333333333334
iris.arff				95.0				95.0				95.0
diabetes.arff			71.71907756813417	76.74353598881902	75.44025157232704
glass.arff				69.85714285714285	53.80952380952381	49.61904761904761
labor_mod.arff			85.83333333333334	97.5				89.16666666666666
segment-test_mod.arff	93.83145363408521	94.00375939849623	83.06390977443608
