vote_mod.arff			94.05376344086021	96.70967741935485	65.50537634408603
soybean_mod.arff		80.21739130434783	80.86956521739131	23.681776133209986
segment-challenge.arff	95.33333333333331	97.23809523809523	65.80952380952381
wine.arff				90.25641025641025	95.1923076923077	98.3974358974359
ionosphere.arff			82.45				85.73333333333333	87.73333333333333
iris.arff				93.0				93.0				94.0
diabetes.arff			68.91334730957372	75.63941299790356	75.06988120195669
glass.arff				57.095238095238095	65.28571428571429	40.238095238095234
labor_mod.arff			81.66666666666666	100.0				89.16666666666666
segment-test_mod.arff	92.24624060150374	94.3609022556391	64.69924812030075
