308 229
309 230
327 231
328 232
333 233
351 234
352 235
363 236
371 237
388 238
418 239
419 240
428 241
430 243
436 247
439 249
440 249
441 250
444 251
446 253
452 257
453 257
454 258
458 261
461 262
462 263
465 265
468 267
473 269
473 270
473 272
472 287
471 288
469 289
464 291
464 291
458 293
458 293
456 294
453 295
448 296
447 297
439 298
437 296
433 294
429 290
426 288
419 286
417 288
416 292
417 293
420 297
426 304
424 305
419 307
419 307
411 309
411 309
395 307
395 307
376 305
376 305
358 304
359 295
358 294
351 293
349 295
348 297
347 300
346 306
345 309
342 312
339 314
331 315
329 306
322 306
321 305
309 304
308 308
306 308
293 310
290 307
290 305
289 302
287 296
287 296
285 295
281 294
274 290
274 290
271 288
262 280
261 280
250 270
249 270
248 267
247 266
246 263
244 261
243 259
244 256
245 254
257 243
258 243
261 241
270 233
274 233
275 235
279 242
279 242
285 247
296 249
299 245
294 240
293 240
291 239
287 236
287 234
288 232
291 231
427 289
308 229
