92 290
101 294
100 293
113 294
118 292
124 289
137 280
140 276
150 271
147 272
160 270
167 276
170 282
175 286
179 288
198 293
198 299
196 306
194 313
192 317
190 321
188 326
186 331
184 336
182 341
180 345
178 350
173 363
174 360
171 374
170 371
175 375
195 375
196 374
204 371
223 349
221 352
226 345
246 321
278 290
276 291
280 289
328 291
326 292
336 291
334 291
339 292
359 292
366 290
376 286
381 277
381 279
372 269
368 267
363 265
355 263
338 259
340 259
316 256
320 256
304 254
290 251
293 251
285 249
278 245
277 244
264 226
266 229
256 214
258 217
246 200
248 203
236 186
238 189
234 183
229 175
225 170
208 148
213 154
205 147
200 145
179 144
180 143
180 158
182 164
187 176
186 174
191 186
190 184
194 192
194 193
198 202
198 203
200 208
204 221
201 223
179 226
182 225
176 228
160 240
152 241
149 239
127 213
134 220
123 212
107 208
97 209
98 219
103 228
102 226
106 235
107 239
104 242
94 248
95 247
106 258
105 256
105 263
102 270
98 276
92 290
313 255
92 290
